200
201
201
201
201
201
004
404
404
404
404
808
610
610
610
610
610
810
814
814
8144
814
814
823
823
823
823
823
823
831
831
831
831
831
831
840
840
840
840
840
840
850
850
850
050
850
850
858
858
858
058
851
858
867
867
867
867
867
867
876
876
871
871
071
071
885
885
885
885
885
885
891
891
891
891
891
891
900
900
900
900
900
900
907
907
907
57
907
907
915
915
915
915
915
915
921
921
921
921
921
921
928
929
928
99
928
289
931
931
931
931
931
936
949
943
943
943
943
943
949
949
948
949
949
948
958
956
956
956
956
956
969
963
963
963
963
963
969
969
969
969
968
968
909
975
975
975
975
975
983
